25657283590 2010 172494884245 139104056346 818357205814004231 1235266377788 527499235299 703946863725852950
185919010598 3615785591950 1355356731 9295920500295 23587013581352598 136618491591950 3181656159105258
892443599 2716464126 3488249 2736648494085 34724828487294 20049258585275789 205039585737590 385735758
924982629 2562590250 203958236727 237502761346969 3885732696097 92987365 723658295925020 935763578
23587013581352598 136618491591950 3181656159105258
892443599 2716464126 3488249 2736648494085 34724828487294 20049258585275789 205039585737590
25657283590 2010 172494884245 139104056346 818357205814004231 1235266377788 527499235299 703946863725852950
185919010598 3615785591950 1355356731 9295920500295 23587013581352598 136618491591950 3181656159105258
892443599 2716464126 3488249 2736648494085 34724828487294 20049258585275789 205039585737590 385735758
924982629 2562590250 203958236727 237502761346969 3885732696097 92987365 723658295925020 935763578
23587013581352598 136618491591950 3181656159105258
892443599 2716464126 3488249 2736648494085 34724828487294 20049258585275789 205039585737590
25657283590 2010 172494884245 139104056346 818357205814004231 1235266377788 527499235299 703946863725852950
185919010598 3615785591950 1355356731 9295920500295 23587013581352598 136618491591950 3181656159105258
892443599 2716464126 3488249 2736648494085 34724828487294 20049258585275789 205039585737590 385735758
924982629 2562590250 203958236727 237502761346969 3885732696097 92987365 723658295925020 935763578
23587013581352598 136618491591950 3181656159105258
892443599 2716464126 3488249 2736648494085 34724828487294 20049258585275789 205039585737590
25657283590 2010 172494884245 139104056346 818357205814004231 1235266377788 527499235299 703946863725852950
185919010598 3615785591950 1355356731 9295920500295 23587013581352598 136618491591950 3181656159105258
892443599 2716464126 3488249 2736648494085 34724828487294 20049258585275789 205039585737590 385735758
924982629 2562590250 203958236727 237502761346969 3885732696097 92987365 723658295925020 935763578
23587013581352598 136618491591950 3181656159105258
892443599 2716464126 3488249 2736648494085 34724828487294 20049258585275789 205039585737590
25657283590 2010 172494884245 139104056346 818357205814004231 1235266377788 527499235299 703946863725852950
185919010598 3615785591950 1355356731 9295920500295 23587013581352598 136618491591950 3181656159105258
892443599 2716464126 3488249 2736648494085 34724828487294 20049258585275789 205039585737590 385735758
924982629 2562590250 203958236727 237502761346969 3885732696097 92987365 723658295925020 935763578
23587013581352598 136618491591950 3181656159105258
892443599 2716464126 3488249 2736648494085 34724828487294 20049258585275789 205039585737590
25657283590 2010 172494884245 139104056346 818357205814004231 1235266377788 527499235299 703946863725852950
185919010598 3615785591950 1355356731 9295920500295 23587013581352598 136618491591950 3181656159105258
892443599 2716464126 3488249 2736648494085 34724828487294 20049258585275789 205039585737590 385735758
924982629 2562590250 203958236727 237502761346969 3885732696097 92987365 723658295925020 935763578
23587013581352598 136618491591950 3181656159105258
892443599 2716464126 3488249 2736648494085 34724828487294 20049258585275789 205039585737590
25657283590 2010 172494884245 139104056346 818357205814004231 1235266377788 527499235299 703946863725852950
185919010598 3615785591950 1355356731 9295920500295 23587013581352598 136618491591950 3181656159105258
892443599 2716464126 3488249 2736648494085 34724828487294 20049258585275789 205039585737590 385735758
924982629 2562590250 203958236727 237502761346969 3885732696097 92987365 723658295925020 935763578
23587013581352598 136618491591950 3181656159105258
892443599 2716464126 3488249 2736648494085 34724828487294 20049258585275789 205039585737590
25657283590 2010 172494884245 139104056346 818357205814004231 1235266377788 527499235299 703946863725852950
185919010598 3615785591950 1355356731 9295920500295 23587013581352598 136618491591950 3181656159105258
892443599 2716464126 3488249 2736648494085 34724828487294 20049258585275789 205039585737590 385735758
924982629 2562590250 203958236727 237502761346969 3885732696097 92987365 723658295925020 935763578
23587013581352598 136618491591950 3181656159105258
892443599 2716464126 3488249 2736648494085 34724828487294 20049258585275789 205039585737590
54321
